

 Total Inversion Time (hrs):
 14.170895106063949

 Total Inversion Time (hrs):
 14.170895106063949

 Total Inversion Time (hrs):
 14.170895106063949

 Total Inversion Time (hrs):
 14.170895106063949

 Total Inversion Time (hrs):
 14.170895106063949

 Total Inversion Time (hrs):
 14.170895106063949

 Total Inversion Time (hrs):
 14.170895106063949
 Frequency File used: CoNi_freqs/freq_R4_CoNi_0deg_sr_45



 Polynomial Order: 12
 Particle Number: 1500
 ESS_Threshold: 0.85
 Number of MCMC steps: 14
 Number of time steps used to reach ESS ess_threshold: 15
 Calculated Variable Mean {'sc11': 240.96191152856906, 'A': 5.440655620181056, 'sc44': 163.26368769147717, 'std_dev': 3.5818858021383813}
 Calculated Variable Std Dev {'sc11': 35.23244798894365, 'A': 0.44081594463785617, 'sc44': 4.760830359122898, 'std_dev': 0.4131166899730341}
 Calculated Variable Covar [[1240.498    5.339  -25.619   -0.067    2.255]
 [   5.339    0.194    1.811    0.       0.017]
 [ -25.619    1.811   22.65     0.003    0.04 ]
 [  -0.067    0.       0.003    0.      -0.   ]
 [   2.255    0.017    0.04    -0.       0.171]]


 Propagated Mean of Single Crystal C12 Elastic Constant:
 180.67278616490458
 Propagated Std Dev of Single Crystal C12 Elastic Constant:
 37.22131228988239

 All Propagated Means:
 {'c11': 289.17763405760763, 'c12': 164.30520451451866, 'c13': 148.82464528625115, 'c22': 279.7382080980457, 'c23': 158.26407124581317, 'c33': 295.2187673263132, 'c44': 105.59541225044586, 'c55': 92.3931468277028, 'c66': 115.95060814693656, 'c14': 1.189804796753775, 'c15': -8.497193822470766, 'c16': -4.010545181338973, 'c24': -3.5940618331456493, 'c25': 1.977616883681355, 'c26': 5.703367288627592, 'c34': 2.404257036391874, 'c35': 6.519576938789412, 'c36': -1.6928221072886194, 'c45': -2.059600064557433, 'c46': 2.863793990833833, 'c56': 1.6678309874690915, 'HS_Upper_C11': 295.9489535938807, 'HS_Upper_C12': 161.5864395030689, 'HS_Upper_C13': 144.77209076142788, 'HS_Upper_C22': 285.757353879672, 'HS_Upper_C23': 154.96369047563655, 'HS_Upper_C33': 302.571702621313, 'HS_Upper_C44': 111.72841116902592, 'HS_Upper_C55': 98.66239916446236, 'HS_Upper_C66': 121.56934637590038, 'HS_Upper_C14': 1.2441072062423744, 'HS_Upper_C15': -8.820535308617089, 'HS_Upper_C16': -4.072806506466122, 'HS_Upper_C24': -3.7316789170921796, 'HS_Upper_C25': 2.0949374049647114, 'HS_Upper_C26': 5.82857391412463, 'HS_Upper_C34': 2.4875717108498048, 'HS_Upper_C35': 6.7255979036523765, 'HS_Upper_C36': -1.7557674076585077, 'HS_Upper_C45': -2.0334162314264965, 'HS_Upper_C46': 2.7531150112604923, 'HS_Upper_C56': 1.6017199423117765, 'HS_Lower_C11': 278.1730504075956, 'HS_Lower_C12': 168.48472331209817, 'HS_Lower_C13': 155.6497101386838, 'HS_Lower_C22': 270.26191618677524, 'HS_Lower_C23': 163.56084435950422, 'HS_Lower_C33': 283.0969293601896, 'HS_Lower_C44': 93.98417056712404, 'HS_Lower_C55': 81.13064700618699, 'HS_Lower_C66': 104.84105592506128, 'HS_Lower_C14': 1.056037880217744, 'HS_Lower_C15': -7.608073732769797, 'HS_Lower_C16': -3.755158992156113, 'HS_Lower_C24': -3.2216506187562652, 'HS_Lower_C25': 1.7188849778990178, 'HS_Lower_C26': 5.276770032294596, 'HS_Lower_C34': 2.1656127385385213, 'HS_Lower_C35': 5.88918875487078, 'HS_Lower_C36': -1.5216110401384826, 'HS_Lower_C45': -2.0095889039646737, 'HS_Lower_C46': 2.946828025958216, 'HS_Lower_C56': 1.709401267473769, 'sc12': 180.67278616490458, }
 All Propagted Std Devs:
 {'c11': 35.47418246853586, 'c12': 37.112507302757194, 'c13': 37.02667825284574, 'c22': 35.431709224460015, 'c23': 37.07747766245041, 'c33': 35.50432742874621, 'c44': 1.3608706149089858, 'c55': 0.9335320998744207, 'c66': 1.8323062680255058, 'c14': 0.045979133968741835, 'c15': 0.3361144980781166, 'c16': 0.17191083874435967, 'c24': 0.14222161281787202, 'c25': 0.07285264488149641, 'c26': 0.23918241712045504, 'c34': 0.09624355622221607, 'c35': 0.2632759490816416, 'c36': 0.0672791066527767, 'c45': 0.09611309283557515, 'c46': 0.14511267499800637, 'c56': 0.08446939752325008, 'HS_Upper_C11': 35.645336501707774, 'HS_Upper_C12': 37.03554595279674, 'HS_Upper_C13': 36.92670538133709, 'HS_Upper_C22': 35.58097942288142, 'HS_Upper_C23': 36.989085863111605, 'HS_Upper_C33': 35.69313920642381, 'HS_Upper_C44': 2.00563815351569, 'HS_Upper_C55': 1.4385979440714634, 'HS_Upper_C66': 2.4801310726730774, 'HS_Upper_C14': 0.05417559581430815, 'HS_Upper_C15': 0.3890790790036959, 'HS_Upper_C16': 0.18547264182068002, 'HS_Upper_C24': 0.16445409850674367, 'HS_Upper_C25': 0.08933170038861583, 'HS_Upper_C26': 0.262951389541647, 'HS_Upper_C34': 0.11028083055640499, 'HS_Upper_C35': 0.29977493074014133, 'HS_Upper_C36': 0.07748887911869733, 'HS_Upper_C45': 0.09686684487667614, 'HS_Upper_C46': 0.136100458510344, 'HS_Upper_C56': 0.07944605370833734, 'HS_Lower_C11': 34.88109131112712, 'HS_Lower_C12': 37.357141412868394, 'HS_Lower_C13': 37.43524269312268, 'HS_Lower_C22': 34.932498063757556, 'HS_Lower_C23': 37.391509139203016, 'HS_Lower_C33': 34.84369450059062, 'HS_Lower_C44': 1.4519416345462919, 'HS_Lower_C55': 1.645986268077231, 'HS_Lower_C66': 1.366635229701385, 'HS_Lower_C14': 0.024401992071098468, 'HS_Lower_C15': 0.18336341622637986, 'HS_Lower_C16': 0.11828714880326417, 'HS_Lower_C24': 0.07856210081923057, 'HS_Lower_C25': 0.034853248590033296, 'HS_Lower_C26': 0.15603940356968288, 'HS_Lower_C34': 0.054172254488341225, 'HS_Lower_C35': 0.14869268228863153, 'HS_Lower_C36': 0.03788864182836504, 'HS_Lower_C45': 0.07475061391303518, 'HS_Lower_C46': 0.1363969594267236, 'HS_Lower_C56': 0.07714918643898831, 'sc12': 37.22131228988239, }
 Propagated Mean Self Consistent Cij 6x6 Voigt Tensor:
 [[289.178 164.305 148.825   1.19   -8.497  -4.011]
 [164.305 279.738 158.264  -3.594   1.978   5.703]
 [148.825 158.264 295.219   2.404   6.52   -1.693]
 [  1.19   -3.594   2.404 105.595  -2.06    2.864]
 [ -8.497   1.978   6.52   -2.06   92.393   1.668]
 [ -4.011   5.703  -1.693   2.864   1.668 115.951]]
 Propagated Std Dev Self Consistent Cij 6x6 Voigt Tensor
 [[35.474 37.113 37.027  0.046  0.336  0.172]
 [37.113 35.432 37.077  0.142  0.073  0.239]
 [37.027 37.077 35.504  0.096  0.263  0.067]
 [ 0.046  0.142  0.096  1.361  0.096  0.145]
 [ 0.336  0.073  0.263  0.096  0.934  0.084]
 [ 0.172  0.239  0.067  0.145  0.084  1.832]]

 Mean Propagated UpperHS 6x6 bound:
 [[295.949 161.586 144.772   1.244  -8.821  -4.073]
 [161.586 285.757 154.964  -3.732   2.095   5.829]
 [144.772 154.964 302.572   2.488   6.726  -1.756]
 [  1.244  -3.732   2.488 111.728  -2.033   2.753]
 [ -8.821   2.095   6.726  -2.033  98.662   1.602]
 [ -4.073   5.829  -1.756   2.753   1.602 121.569]]
 Upper 6x6 HS bound Propagated Std Dev:
 [[35.645 37.036 36.927  0.054  0.389  0.185]
 [37.036 35.581 36.989  0.164  0.089  0.263]
 [36.927 36.989 35.693  0.11   0.3    0.077]
 [ 0.054  0.164  0.11   2.006  0.097  0.136]
 [ 0.389  0.089  0.3    0.097  1.439  0.079]
 [ 0.185  0.263  0.077  0.136  0.079  2.48 ]]

 Mean Propagated Lower HS 6x6 bound:
 [[278.173 168.485 155.65    1.056  -7.608  -3.755]
 [168.485 270.262 163.561  -3.222   1.719   5.277]
 [155.65  163.561 283.097   2.166   5.889  -1.522]
 [  1.056  -3.222   2.166  93.984  -2.01    2.947]
 [ -7.608   1.719   5.889  -2.01   81.131   1.709]
 [ -3.755   5.277  -1.522   2.947   1.709 104.841]]
 Lower 6x6 HS bound Propagated Std Dev:
 [[34.881 37.357 37.435  0.024  0.183  0.118]
 [37.357 34.932 37.392  0.079  0.035  0.156]
 [37.435 37.392 34.844  0.054  0.149  0.038]
 [ 0.024  0.079  0.054  1.452  0.075  0.136]
 [ 0.183  0.035  0.149  0.075  1.646  0.077]
 [ 0.118  0.156  0.038  0.136  0.077  1.367]]

 Total Inversion Time (hrs):
 14.457065137028694
