

 Total Inversion Time (hrs):
 20.417795999712414

 Total Inversion Time (hrs):
 20.417795999712414

 Total Inversion Time (hrs):
 20.417795999712414

 Total Inversion Time (hrs):
 20.417795999712414

 Total Inversion Time (hrs):
 20.417795999712414

 Total Inversion Time (hrs):
 20.417795999712414

 Total Inversion Time (hrs):
 20.417795999712414

 Total Inversion Time (hrs):
 20.417795999712414
 Frequency File used: CoNi_freqs/freq_R4_CoNi_0deg_sr_45

 Polynomial Order: 12
 Particle Number: 1500
 ESS_Threshold: 0.85
 Number of MCMC steps: 14
 Number of time steps used to reach ESS ess_threshold: 25
 Calculated Variable Mean {'sc11': 235.71391294293844, 'A': 3.7580450262529546, 'sc44': 144.16928671832525,  'std_dev': 1.0909416826971707}
 Calculated Variable Std Dev {'sc11': 2.3605615309757386, 'A': 0.06135707408471146, 'sc44': 0.9755998733957434,  'std_dev': 0.12962364245221855}
 Calculated Variable Covar [[ 5.569  0.003 -0.329 -0.001  0.006]
 [ 0.003  0.004  0.058  0.     0.   ]
 [-0.329  0.058  0.951  0.     0.003]
 [-0.001  0.     0.     0.     0.   ]
 [ 0.006  0.     0.003  0.     0.017]]


 Propagated Mean of Single Crystal C12 Elastic Constant:
 158.9760588355792
 Propagated Std Dev of Single Crystal C12 Elastic Constant:
 2.575026207000026

 All Propagated Means:
 {'c11': 272.66644356795774, 'c12': 140.69949568264212, 'c13': 140.30009136349616, 'c22': 268.04615254577044, 'c23': 144.92038238568344, 'c33': 268.4455568649164, 'c44': 110.66938836655078, 'c55': 103.37263087155691, 'c66': 103.98559824930686, 'c14': 1.1014957266138143, 'c15': -5.081661647828443, 'c16': -4.191310011651843, 'c24': -3.5011856462362037, 'c25': -0.05129817841529325, 'c26': 4.8883747011790755, 'c34': 2.3996899196223893, 'c35': 5.132959826243735, 'c36': -0.6970646895272328, 'c45': -1.0082217341985789, 'c46': -0.3002136883254356, 'c56': 1.3326393226043916, 'HS_Upper_C11': 276.1156947582592, 'HS_Upper_C12': 138.98973547032998, 'HS_Upper_C13': 138.56060038550694, 'HS_Upper_C22': 271.21120205577176, 'HS_Upper_C23': 143.46509308799438, 'HS_Upper_C33': 271.64033714059474, 'HS_Upper_C44': 113.44742430217133, 'HS_Upper_C55': 106.41993366528487, 'HS_Upper_C66': 107.02013210803193, 'HS_Upper_C14': 1.0988615707260059, 'HS_Upper_C15': -5.135168702789311, 'HS_Upper_C16': -4.231789242671194, 'HS_Upper_C24': -3.52898957423706, 'HS_Upper_C25': -0.0772326744453993, 'HS_Upper_C26': 4.959713088529728, 'HS_Upper_C34': 2.4301280035110535, 'HS_Upper_C35': 5.21240137723471, 'HS_Upper_C36': -0.7279238458585348, 'HS_Upper_C45': -0.9717549289629596, 'HS_Upper_C46': -0.27287801841494447, 'HS_Upper_C56': 1.279026568447524, 'HS_Lower_C11': 267.2047675814712, 'HS_Lower_C12': 143.40446217306805, 'HS_Lower_C13': 143.05680085955703, 'HS_Lower_C22': 263.0871535170714, 'HS_Lower_C23': 147.17441492395682, 'HS_Lower_C33': 263.43481483058247, 'HS_Lower_C44': 105.6001588753027, 'HS_Lower_C55': 97.94058864330015, 'HS_Lower_C66': 98.56599643656168, 'HS_Lower_C14': 1.090496968824405, 'HS_Lower_C15': -4.915265040685821, 'HS_Lower_C16': -4.060566833377257, 'HS_Lower_C24': -3.406050068227082, 'HS_Lower_C25': -0.009150986268297464, 'HS_Lower_C26': 4.698069276788855, 'HS_Lower_C34': 2.315553099402676, 'HS_Lower_C35': 4.924416026954117, 'HS_Lower_C36': -0.6375024434115999, 'HS_Lower_C45': -1.057575522743328, 'HS_Lower_C46': -0.3436250883974644, 'HS_Lower_C56': 1.4045687331896008, 'sc12': 158.9760588355792, }
 All Propagted Std Devs:
 {'c11': 2.3688418965135973, 'c12': 2.542826747163845, 'c13': 2.542172067585362, 'c22': 2.365927837452188, 'c23': 2.5504274513764527, 'c33': 2.3661523839876493, 'c44': 0.4155626945154503, 'c55': 0.31590078163865576, 'c66': 0.32365906847207426, 'c14': 0.013830785161580206, 'c15': 0.06035209332335655, 'c16': 0.04997103735373024, 'c24': 0.042100324275993986, 'c25': 0.0006886912185411373, 'c26': 0.05706752378197227, 'c34': 0.02826971906957701, 'c35': 0.05967558911490756, 'c36': 0.007097382985125177, 'c45': 0.014446525167706668, 'c46': 0.005166475629214779, 'c56': 0.019349152684188842, 'HS_Upper_C11': 2.382513826228948, 'HS_Upper_C12': 2.531693905003905, 'HS_Upper_C13': 2.5309238017267863, 'HS_Upper_C22': 2.3764403389328526, 'HS_Upper_C23': 2.5402538472770764, 'HS_Upper_C33': 2.376931813610084, 'HS_Upper_C44': 0.5129791834810371, 'HS_Upper_C55': 0.4183749403542663, 'HS_Upper_C66': 0.4261239724918581, 'HS_Upper_C14': 0.014011244001490446, 'HS_Upper_C15': 0.06355414461082012, 'HS_Upper_C16': 0.05247862085706554, 'HS_Upper_C24': 0.04391321955541049, 'HS_Upper_C25': 0.0002255796906701819, 'HS_Upper_C26': 0.060776117145626266, 'HS_Upper_C34': 0.02990211391401497, 'HS_Upper_C35': 0.06374726156516919, 'HS_Upper_C36': 0.008298142308229152, 'HS_Upper_C45': 0.013392813893436292, 'HS_Upper_C46': 0.004264180117938684, 'HS_Upper_C56': 0.01780922534917028, 'HS_Lower_C11': 2.345416515842481, 'HS_Lower_C12': 2.568827605607489, 'HS_Lower_C13': 2.5686310462344975, 'HS_Lower_C22': 2.3469557371053216, 'HS_Lower_C23': 2.5724329633131275, 'HS_Lower_C33': 2.3468112454009975, 'HS_Lower_C44': 0.2389888231483721, 'HS_Lower_C55': 0.1594876872767096, 'HS_Lower_C66': 0.16406346240018368, 'HS_Lower_C14': 0.012597919541230124, 'HS_Lower_C15': 0.05040970806389266, 'HS_Lower_C16': 0.042011448407429826, 'HS_Lower_C24': 0.0361408810526295, 'HS_Lower_C25': 0.0020690897324640747, 'HS_Lower_C26': 0.04662577968938661, 'HS_Lower_C34': 0.02354377935547038, 'HS_Lower_C35': 0.04835644375549497, 'HS_Lower_C36': 0.00461942349964191, 'HS_Lower_C45': 0.015480342465211476, 'HS_Lower_C46': 0.006520730028724165, 'HS_Lower_C56': 0.020808630415295112, 'sc12': 2.575026207000026, }
 Propagated Mean Self Consistent Cij 6x6 Voigt Tensor:
 [[272.666 140.699 140.3     1.101  -5.082  -4.191]
 [140.699 268.046 144.92   -3.501  -0.051   4.888]
 [140.3   144.92  268.446   2.4     5.133  -0.697]
 [  1.101  -3.501   2.4   110.669  -1.008  -0.3  ]
 [ -5.082  -0.051   5.133  -1.008 103.373   1.333]
 [ -4.191   4.888  -0.697  -0.3     1.333 103.986]]
 Propagated Std Dev Self Consistent Cij 6x6 Voigt Tensor
 [[2.369 2.543 2.542 0.014 0.06  0.05 ]
 [2.543 2.366 2.55  0.042 0.001 0.057]
 [2.542 2.55  2.366 0.028 0.06  0.007]
 [0.014 0.042 0.028 0.416 0.014 0.005]
 [0.06  0.001 0.06  0.014 0.316 0.019]
 [0.05  0.057 0.007 0.005 0.019 0.324]]

 Mean Propagated UpperHS 6x6 bound:
 [[276.116 138.99  138.561   1.099  -5.135  -4.232]
 [138.99  271.211 143.465  -3.529  -0.077   4.96 ]
 [138.561 143.465 271.64    2.43    5.212  -0.728]
 [  1.099  -3.529   2.43  113.447  -0.972  -0.273]
 [ -5.135  -0.077   5.212  -0.972 106.42    1.279]
 [ -4.232   4.96   -0.728  -0.273   1.279 107.02 ]]
 Upper 6x6 HS bound Propagated Std Dev:
 [[2.383 2.532 2.531 0.014 0.064 0.052]
 [2.532 2.376 2.54  0.044 0.    0.061]
 [2.531 2.54  2.377 0.03  0.064 0.008]
 [0.014 0.044 0.03  0.513 0.013 0.004]
 [0.064 0.    0.064 0.013 0.418 0.018]
 [0.052 0.061 0.008 0.004 0.018 0.426]]

 Mean Propagated Lower HS 6x6 bound:
 [[267.205 143.404 143.057   1.09   -4.915  -4.061]
 [143.404 263.087 147.174  -3.406  -0.009   4.698]
 [143.057 147.174 263.435   2.316   4.924  -0.638]
 [  1.09   -3.406   2.316 105.6    -1.058  -0.344]
 [ -4.915  -0.009   4.924  -1.058  97.941   1.405]
 [ -4.061   4.698  -0.638  -0.344   1.405  98.566]]
 Lower 6x6 HS bound Propagated Std Dev:
 [[2.345 2.569 2.569 0.013 0.05  0.042]
 [2.569 2.347 2.572 0.036 0.002 0.047]
 [2.569 2.572 2.347 0.024 0.048 0.005]
 [0.013 0.036 0.024 0.239 0.015 0.007]
 [0.05  0.002 0.048 0.015 0.159 0.021]
 [0.042 0.047 0.005 0.007 0.021 0.164]]

 Total Inversion Time (hrs):
 21.03273882806301
