

 Total Inversion Time (hrs):
 23.48274445010556
 Frequency File used: CoNi_freqs/freq_R2_CoNi_20deg_sr_45

 Polynomial Order: 12
 Particle Number: 1500
 ESS_Threshold: 0.85
 Number of MCMC steps: 14
 Number of time steps used to reach ESS ess_threshold: 29
 Calculated Variable Mean {'sc11': 236.29778608141655, 'A': 3.3293622615716516, 'sc44': 137.28565992892487,  'std_dev': 1.4420891593992402}
 Calculated Variable Std Dev {'sc11': 3.9881185659199376, 'A': 0.07312313655090476, 'sc44': 1.291274778809704,  'std_dev': 0.16445917331753396}
 Calculated Variable Covar [[15.894 -0.049 -1.902 -0.005  0.01 ]
 [-0.049  0.005  0.091  0.     0.   ]
 [-1.902  0.091  1.666  0.001  0.005]
 [-0.005  0.     0.001  0.    -0.   ]
 [ 0.01   0.     0.005 -0.     0.027]]


 Propagated Mean of Single Crystal C12 Elastic Constant:
 153.80482834785397
 Propagated Std Dev of Single Crystal C12 Elastic Constant:
 4.110001733882412

 All Propagated Means:
 {'c11': 284.7421846471613, 'c12': 122.34634738345954, 'c13': 136.81891074650284, 'c22': 283.51330062893913, 'c23': 138.04779476472498, 'c33': 269.04073726589587, 'c44': 103.78024248435264, 'c55': 101.95711005790812, 'c66': 88.90189585638393, 'c14': 0.016190753877703412, 'c15': -2.3621414742469202, 'c16': 20.508128017798693, 'c24': 0.049349896727425874, 'c25': 0.3540896887061088, 'c26': -21.021945787388013, 'c34': -0.06554065060512929, 'c35': 2.008051785540812, 'c36': 0.5138177695893229, 'c45': 0.7878810376306008, 'c46': 0.2643249278839774, 'c56': -0.1557490946436954, 'HS_Upper_C11': 287.40906596831064, 'HS_Upper_C12': 121.01781640557397, 'HS_Upper_C13': 135.48056040323917, 'HS_Upper_C22': 286.1210145654761, 'HS_Upper_C23': 136.7686118060737, 'HS_Upper_C33': 271.6582705678109, 'HS_Upper_C44': 106.03205396329709, 'HS_Upper_C55': 104.26155302147829, 'HS_Upper_C66': 90.94602054548331, 'HS_Upper_C14': 0.01268302364125539, 'HS_Upper_C15': -2.3575079898479645, 'HS_Upper_C16': 20.648037746133298, 'HS_Upper_C24': 0.055231938671497526, 'HS_Upper_C25': 0.331177572613351, 'HS_Upper_C26': -21.189104357134788, 'HS_Upper_C34': -0.0679149623127529, 'HS_Upper_C35': 2.0263304172346137, 'HS_Upper_C36': 0.5410666110014895, 'HS_Upper_C45': 0.7630128959817339, 'HS_Upper_C46': 0.26023222423615405, 'HS_Upper_C56': -0.12383672015905195, 'HS_Lower_C11': 280.3775499806784, 'HS_Lower_C12': 124.59965211776347, 'HS_Lower_C13': 138.9302406786821, 'HS_Lower_C22': 279.251910401706, 'HS_Lower_C23': 140.05588025765434, 'HS_Lower_C33': 264.9213218407874, 'HS_Lower_C44': 99.82025961239998, 'HS_Lower_C55': 97.9263254194407, 'HS_Lower_C66': 85.43803674238953, 'HS_Lower_C14': 0.02193262117250313, 'HS_Lower_C15': -2.3466655622232526, 'HS_Lower_C16': 20.07223944573299, 'HS_Lower_C24': 0.038949697357592086, 'HS_Lower_C25': 0.38989871303964113, 'HS_Lower_C26': -20.53854651883784, 'HS_Lower_C34': -0.06088231853009521, 'HS_Lower_C35': 1.9567668491836123, 'HS_Lower_C36': 0.4663070731048464, 'HS_Lower_C45': 0.8221270151386765, 'HS_Lower_C46': 0.26866561973834635, 'HS_Lower_C56': -0.2085738586662289, 'sc12': 153.80482834785397}
 All Propagted Std Devs:
 {'c11': 3.870640094061753, 'c12': 4.138111396223638, 'c13': 4.112553686732354, 'c22': 3.872300550818885, 'c23': 4.1117112192381216, 'c33': 3.910914142704215, 'c44': 0.483756313368712, 'c55': 0.4478574546529677, 'c66': 0.2568229775453432, 'c14': 0.0006065777842278058, 'c15': 0.04412302398938738, 'c16': 0.367374540263299, 'c24': 0.0004013442324722078, 'c25': 0.008570952885677226, 'c26': 0.3745716928633309, 'c34': 0.0010054037161724642, 'c35': 0.0355538516098066, 'c36': 0.007199027450663283, 'c45': 0.016758849594578087, 'c46': 0.005250916000470198, 'c56': 0.005687540132238245, 'HS_Upper_C11': 3.8655322493181536, 'HS_Upper_C12': 4.1442247543685475, 'HS_Upper_C13': 4.113452003203565, 'HS_Upper_C22': 3.866688968546664, 'HS_Upper_C23': 4.112230365769038, 'HS_Upper_C33': 3.897347717338543, 'HS_Upper_C44': 0.5982810794375589, 'HS_Upper_C55': 0.5634376070622238, 'HS_Upper_C66': 0.3427713270880359, 'HS_Upper_C14': 0.00042715076483484894, 'HS_Upper_C15': 0.04459979123844978, 'HS_Upper_C16': 0.38093968817349194, 'HS_Upper_C24': 0.0007256417423787082, 'HS_Upper_C25': 0.007449602247040776, 'HS_Upper_C26': 0.38961667066968936, 'HS_Upper_C34': 0.0011509203516300822, 'HS_Upper_C35': 0.03715222248280328, 'HS_Upper_C36': 0.008678803896827583, 'HS_Upper_C45': 0.015684523676838334, 'HS_Upper_C46': 0.005114120011554038, 'HS_Upper_C56': 0.004036637977315755, 'HS_Lower_C11': 3.873964974377226, 'HS_Lower_C12': 4.1385740333290455, 'HS_Lower_C13': 4.120661133405146, 'HS_Lower_C22': 3.8763177719449358, 'HS_Lower_C23': 4.11979951305681, 'HS_Lower_C33': 3.9259658163546067, 'HS_Lower_C44': 0.29713866003210565, 'HS_Lower_C55': 0.2675705149587542, 'HS_Lower_C66': 0.18673156751940942, 'HS_Lower_C14': 0.0008943819756290175, 'HS_Lower_C15': 0.04127500092776928, 'HS_Lower_C16': 0.3269570029970178, 'HS_Lower_C24': 0.00020604564341717669, 'HS_Lower_C25': 0.01021010575411747, 'HS_Lower_C26': 0.3315000364347744, 'HS_Lower_C34': 0.000703727793646227, 'HS_Lower_C35': 0.03107091358640089, 'HS_Lower_C36': 0.004552207750102573, 'HS_Lower_C45': 0.017890050204496393, 'HS_Lower_C46': 0.005255385677012382, 'HS_Lower_C56': 0.008387446380158682, 'sc12': 4.110001733882412}
 Propagated Mean Self Consistent Cij 6x6 Voigt Tensor:
 [[284.742 122.346 136.819   0.016  -2.362  20.508]
 [122.346 283.513 138.048   0.049   0.354 -21.022]
 [136.819 138.048 269.041  -0.066   2.008   0.514]
 [  0.016   0.049  -0.066 103.78    0.788   0.264]
 [ -2.362   0.354   2.008   0.788 101.957  -0.156]
 [ 20.508 -21.022   0.514   0.264  -0.156  88.902]]
 Propagated Std Dev Self Consistent Cij 6x6 Voigt Tensor
 [[3.871 4.138 4.113 0.001 0.044 0.367]
 [4.138 3.872 4.112 0.    0.009 0.375]
 [4.113 4.112 3.911 0.001 0.036 0.007]
 [0.001 0.    0.001 0.484 0.017 0.005]
 [0.044 0.009 0.036 0.017 0.448 0.006]
 [0.367 0.375 0.007 0.005 0.006 0.257]]

 Mean Propagated UpperHS 6x6 bound:
 [[287.409 121.018 135.481   0.013  -2.358  20.648]
 [121.018 286.121 136.769   0.055   0.331 -21.189]
 [135.481 136.769 271.658  -0.068   2.026   0.541]
 [  0.013   0.055  -0.068 106.032   0.763   0.26 ]
 [ -2.358   0.331   2.026   0.763 104.262  -0.124]
 [ 20.648 -21.189   0.541   0.26   -0.124  90.946]]
 Upper 6x6 HS bound Propagated Std Dev:
 [[3.866 4.144 4.113 0.    0.045 0.381]
 [4.144 3.867 4.112 0.001 0.007 0.39 ]
 [4.113 4.112 3.897 0.001 0.037 0.009]
 [0.    0.001 0.001 0.598 0.016 0.005]
 [0.045 0.007 0.037 0.016 0.563 0.004]
 [0.381 0.39  0.009 0.005 0.004 0.343]]

 Mean Propagated Lower HS 6x6 bound:
 [[280.378 124.6   138.93    0.022  -2.347  20.072]
 [124.6   279.252 140.056   0.039   0.39  -20.539]
 [138.93  140.056 264.921  -0.061   1.957   0.466]
 [  0.022   0.039  -0.061  99.82    0.822   0.269]
 [ -2.347   0.39    1.957   0.822  97.926  -0.209]
 [ 20.072 -20.539   0.466   0.269  -0.209  85.438]]
 Lower 6x6 HS bound Propagated Std Dev:
 [[3.874 4.139 4.121 0.001 0.041 0.327]
 [4.139 3.876 4.12  0.    0.01  0.332]
 [4.121 4.12  3.926 0.001 0.031 0.005]
 [0.001 0.    0.001 0.297 0.018 0.005]
 [0.041 0.01  0.031 0.018 0.268 0.008]
 [0.327 0.332 0.005 0.005 0.008 0.187]]


 Total Inversion Time (hrs):
 24.0844934158855
