

 Total Inversion Time:
 65555.82831454277

 Total Inversion Time:
 65555.82831454277

 Total Inversion Time:
 65555.82831454277

 Total Inversion Time:
 65555.82831454277

 Total Inversion Time:
 65555.82831454277

 Total Inversion Time:
 65555.82831454277

 Total Inversion Time:
 65555.82831454277

 Total Inversion Time:
 65555.82831454277

 Total Inversion Time:
 65555.82831454277

 Total Inversion Time:
 65555.82831454277

 Polynomial Order: 12
 Particle Number: 1500
 ESS_Threshold: 0.8
 Number of MCMC steps: 14
 Number of time steps used to reach ESS ess_threshold: 19
 Calculated Variable Mean {'sc11': 239.42898666288386, 'A': 2.6319356370051104, 'sc44': 126.34998492214379, 'std_dev': 1.5991148647973177}
 Calculated Variable Std Dev {'sc11': 3.7003837986962873, 'A': 0.048527588291923204, 'sc44': 0.9824338677496621,  'std_dev': 0.18221232372141977}
 Calculated Variable Covar [[13.684  0.028 -0.335 -0.007  0.003]
 [ 0.028  0.002  0.045 -0.     0.   ]
 [-0.335  0.045  0.965 -0.001  0.009]
 [-0.007 -0.    -0.001  0.    -0.   ]
 [ 0.003  0.     0.009 -0.     0.033]]


 Propagated Mean of Single Crystal C12 Elastic Constant:
 143.39647761857097
 Propagated Std Dev of Single Crystal C12 Elastic Constant:
 4.174723042049011

 All Propagated Means:
 {'c11': 277.0280213640491, 'c12': 116.81228833843784, 'c13': 132.38163219753815, 'c22': 277.01278306350855, 'c23': 132.39687049807867, 'c33': 261.44343920440826, 'c44': 105.06533347193493, 'c55': 105.27675733669254, 'c66': 87.8163875897884, 'c14': -1.282883840284288, 'c15': 3.9975736265605093, 'c16': 16.18919768443599, 'c24': -2.318105642667202, 'c25': 0.978722242632067, 'c26': -15.947848688710943, 'c34': 3.6009894829514906, 'c35': -4.976295869192575, 'c36': -0.24134899572504798, 'c45': -0.5076494146890005, 'c46': 1.1609357815963177, 'c56': -1.4649185366877417, 'HS_Upper_C11': 278.42289449579323, 'HS_Upper_C12': 116.01340613976473, 'HS_Upper_C13': 131.7856412644672, 'HS_Upper_C22': 278.4248869600759, 'HS_Upper_C23': 131.78364880018447, 'HS_Upper_C33': 262.6526518353735, 'HS_Upper_C44': 106.12548836134597, 'HS_Upper_C55': 106.31967690615502, 'HS_Upper_C66': 88.9536536186576, 'HS_Upper_C14': -1.309320423978324, 'HS_Upper_C15': 4.009923579786071, 'HS_Upper_C16': 16.275067060829155, 'HS_Upper_C24': -2.3019900952653845, 'HS_Upper_C25': 0.9811457916542257, 'HS_Upper_C26': -16.01884628268655, 'HS_Upper_C34': 3.6113105192437085, 'HS_Upper_C35': -4.991069371440297, 'HS_Upper_C36': -0.25622077814260524, 'HS_Upper_C45': -0.47840129353517685, 'HS_Upper_C46': 1.1334208555475382, 'HS_Upper_C56': -1.4610968348393032, 'HS_Lower_C11': 274.7998397095736, 'HS_Lower_C12': 118.11762951263398, 'HS_Lower_C13': 133.30447267781764, 'HS_Lower_C22': 274.7590252763039, 'HS_Lower_C23': 133.34528711108726, 'HS_Lower_C33': 259.57218211112024, 'HS_Lower_C44': 103.26088550063388, 'HS_Lower_C55': 103.50039598987021, 'HS_Lower_C66': 85.9519356461224, 'HS_Lower_C14': -1.2344274331551341, 'HS_Lower_C15': 3.9621154860160743, 'HS_Lower_C16': 15.98134170337709, 'HS_Lower_C24': -2.3365028192093975, 'HS_Lower_C25': 0.9718462603603037, 'HS_Lower_C26': -15.764411885767448, 'HS_Lower_C34': 3.5709302523645317, 'HS_Lower_C35': -4.933961746376378, 'HS_Lower_C36': -0.21692981760964408, 'HS_Lower_C45': -0.5550717402796206, 'HS_Lower_C46': 1.2024807410926635, 'HS_Lower_C56': -1.4657121955074677, 'sc12': 143.39647761857097}
 All Propagted Std Devs:
 {'c11': 3.779359563841326, 'c12': 4.068803140981503, 'c13': 4.132169595614242, 'c22': 3.7790149154283497, 'c23': 4.132649182074567, 'c33': 3.7329023882589127, 'c44': 0.4839004963363135, 'c55': 0.48930878072208334, 'c66': 0.21792391506129716, 'c14': 0.021169427767484934, 'c15': 0.0735971556545915, 'c16': 0.29401087397735326, 'c24': 0.045229738779974285, 'c25': 0.018104828888915084, 'c26': 0.29108108070525396, 'c34': 0.06639753063493316, 'c35': 0.09170198264996288, 'c36': 0.0029325869695091943, 'c45': 0.012735891039496162, 'c46': 0.02477932439457891, 'c56': 0.02788013676162388, 'HS_Upper_C11': 3.798924861655142, 'HS_Upper_C12': 4.0580048569947085, 'HS_Upper_C13': 4.122496483992018, 'HS_Upper_C22': 3.7987788962016324, 'HS_Upper_C23': 4.122692805916209, 'HS_Upper_C33': 3.745146569245067, 'HS_Upper_C44': 0.5391252472101062, 'HS_Upper_C55': 0.5437730850568641, 'HS_Upper_C66': 0.2531600915251523, 'HS_Upper_C14': 0.022839343111116885, 'HS_Upper_C15': 0.07491793447547022, 'HS_Upper_C16': 0.3015683614498792, 'HS_Upper_C24': 0.04468115610847083, 'HS_Upper_C25': 0.018360154445016194, 'HS_Upper_C26': 0.297820028258938, 'HS_Upper_C34': 0.0675191202762116, 'HS_Upper_C35': 0.0932780885297251, 'HS_Upper_C36': 0.0037504436789261874, 'HS_Upper_C45': 0.011150225417601209, 'HS_Upper_C46': 0.023415618649822483, 'HS_Upper_C56': 0.02790109652382057, 'HS_Lower_C11': 3.7435198569210626, 'HS_Lower_C12': 4.092166686408792, 'HS_Lower_C13': 4.150269306258164, 'HS_Lower_C22': 3.74288792761543, 'HS_Lower_C23': 4.151242104335167, 'HS_Lower_C33': 3.710337614139079, 'HS_Lower_C44': 0.3903782823855049, 'HS_Lower_C55': 0.39670581074933425, 'HS_Lower_C66': 0.19740048505496222, 'HS_Lower_C14': 0.017887541236490848, 'HS_Lower_C15': 0.06997939338063647, 'HS_Lower_C16': 0.2751584257425432, 'HS_Lower_C24': 0.045421908528622386, 'HS_Lower_C25': 0.017406916030061177, 'HS_Lower_C26': 0.27361805977431614, 'HS_Lower_C34': 0.06330413048707327, 'HS_Lower_C35': 0.08738629295525363, 'HS_Lower_C36': 0.001553967517463773, 'HS_Lower_C45': 0.015372162447759179, 'HS_Lower_C46': 0.02675622037492699, 'HS_Lower_C56': 0.027347175035771467, 'sc12': 4.174723042049011}
 Propagated Mean Self Consistent Cij 6x6 Voigt Tensor:
 [[277.028 116.812 132.382  -1.283   3.998  16.189]
 [116.812 277.013 132.397  -2.318   0.979 -15.948]
 [132.382 132.397 261.443   3.601  -4.976  -0.241]
 [ -1.283  -2.318   3.601 105.065  -0.508   1.161]
 [  3.998   0.979  -4.976  -0.508 105.277  -1.465]
 [ 16.189 -15.948  -0.241   1.161  -1.465  87.816]]
 Propagated Std Dev Self Consistent Cij 6x6 Voigt Tensor
 [[3.779 4.069 4.132 0.021 0.074 0.294]
 [4.069 3.779 4.133 0.045 0.018 0.291]
 [4.132 4.133 3.733 0.066 0.092 0.003]
 [0.021 0.045 0.066 0.484 0.013 0.025]
 [0.074 0.018 0.092 0.013 0.489 0.028]
 [0.294 0.291 0.003 0.025 0.028 0.218]]

 Mean Propagated UpperHS 6x6 bound:
 [[278.423 116.013 131.786  -1.309   4.01   16.275]
 [116.013 278.425 131.784  -2.302   0.981 -16.019]
 [131.786 131.784 262.653   3.611  -4.991  -0.256]
 [ -1.309  -2.302   3.611 106.125  -0.478   1.133]
 [  4.01    0.981  -4.991  -0.478 106.32   -1.461]
 [ 16.275 -16.019  -0.256   1.133  -1.461  88.954]]
 Upper 6x6 HS bound Propagated Std Dev:
 [[3.799 4.058 4.122 0.023 0.075 0.302]
 [4.058 3.799 4.123 0.045 0.018 0.298]
 [4.122 4.123 3.745 0.068 0.093 0.004]
 [0.023 0.045 0.068 0.539 0.011 0.023]
 [0.075 0.018 0.093 0.011 0.544 0.028]
 [0.302 0.298 0.004 0.023 0.028 0.253]]

 Mean Propagated Lower HS 6x6 bound:
 [[274.8   118.118 133.304  -1.234   3.962  15.981]
 [118.118 274.759 133.345  -2.337   0.972 -15.764]
 [133.304 133.345 259.572   3.571  -4.934  -0.217]
 [ -1.234  -2.337   3.571 103.261  -0.555   1.202]
 [  3.962   0.972  -4.934  -0.555 103.5    -1.466]
 [ 15.981 -15.764  -0.217   1.202  -1.466  85.952]]
 Lower 6x6 HS bound Propagated Std Dev:
 [[3.744 4.092 4.15  0.018 0.07  0.275]
 [4.092 3.743 4.151 0.045 0.017 0.274]
 [4.15  4.151 3.71  0.063 0.087 0.002]
 [0.018 0.045 0.063 0.39  0.015 0.027]
 [0.07  0.017 0.087 0.015 0.397 0.027]
 [0.275 0.274 0.002 0.027 0.027 0.197]]


 Total Inversion Time:
 67610.57793211937
